500	1.1956
508	1.1946
516	1.1937
524	1.1928
532	1.1918
540	1.1909
548	1.1899
556	1.1890
564	1.1880
572	1.1871
580	1.1862
588	1.1852
596	1.1843
604	1.1833
612	1.1824
620	1.1815
628	1.1805
636	1.1796
644	1.1787
652	1.1777
660	1.1768
668	1.1759
676	1.1749
684	1.1740
692	1.1731
700	1.1721
708	1.1712
716	1.1703
724	1.1693
732	1.1684
740	1.1675
748	1.1666
756	1.1656
764	1.1647
772	1.1638
780	1.1628
788	1.1619
796	1.1610
804	1.1601
812	1.1592
820	1.1582
828	1.1573
836	1.1564
844	1.1555
852	1.1545
860	1.1536
868	1.1527
876	1.1518
884	1.1509
892	1.1499
900	1.1490
908	1.1481
916	1.1472
924	1.1463
932	1.1454
940	1.1444
948	1.1435
956	1.1426
964	1.1417
972	1.1408
980	1.1399
988	1.1390
996	1.1381
1004	1.1372
1012	1.1362
1020	1.1353
1028	1.1344
1036	1.1335
1044	1.1326
1052	1.1317
1060	1.1308
1068	1.1299
1076	1.1290
1084	1.1281
1092	1.1272
1100	1.1263
1108	1.1254
1116	1.1245
1124	1.1236
1132	1.1227
1140	1.1218
1148	1.1209
1156	1.1200
1164	1.1191
1172	1.1182
1180	1.1173
1188	1.1164
1196	1.1155
1204	1.1146
1212	1.1137
1220	1.1128
1228	1.1119
1236	1.1110
1244	1.1101
1252	1.1092
1260	1.1083
1268	1.1074
1276	1.1065
1284	1.1056
1292	1.1048
1300	1.1039
1308	1.1030
1316	1.1021
1324	1.1012
1332	1.1003
1340	1.0994
1348	1.0985
1356	1.0977
1364	1.0968
1372	1.0959
1380	1.0950
1388	1.0941
1396	1.0932
1404	1.0923
1412	1.0915
1420	1.0906
1428	1.0897
1436	1.0888
1444	1.0879
1452	1.0871
1460	1.0862
1468	1.0853
1476	1.0844
1484	1.0835
1492	1.0827
1500	1.0818
1508	1.0809
1516	1.0800
1524	1.0792
1532	1.0783
1540	1.0774
1548	1.0766
1556	1.0757
1564	1.0748
1572	1.0739
1580	1.0731
1588	1.0722
1596	1.0713
1604	1.0705
1612	1.0696
1620	1.0687
1628	1.0679
1636	1.0670
1644	1.0661
1652	1.0653
1660	1.0644
1668	1.0635
1676	1.0627
1684	1.0618
1692	1.0609
1700	1.0601
1708	1.0592
1716	1.0583
1724	1.0575
1732	1.0566
1740	1.0558
1748	1.0549
1756	1.0540
1764	1.0532
1772	1.0523
1780	1.0515
1788	1.0506
1796	1.0498
1804	1.0489
1812	1.0480
1820	1.0472
1828	1.0463
1836	1.0455
1844	1.0446
1852	1.0438
1860	1.0429
1868	1.0421
1876	1.0412
1884	1.0404
1892	1.0395
1900	1.0387
1908	1.0378
1916	1.0370
1924	1.0361
1932	1.0353
1940	1.0344
1948	1.0336
1956	1.0327
1964	1.0319
1972	1.0311
1980	1.0302
1988	1.0294
1996	1.0285
2004	1.0277
2012	1.0268
2020	1.0260
2028	1.0252
2036	1.0243
2044	1.0235
2052	1.0226
2060	1.0218
2068	1.0210
2076	1.0201
2084	1.0193
2092	1.0185
2100	1.0176
2108	1.0168
2116	1.0159
2124	1.0151
2132	1.0143
2140	1.0134
2148	1.0126
2156	1.0118
2164	1.0109
2172	1.0101
2180	1.0093
2188	1.0085
2196	1.0076
2204	1.0068
2212	1.0060
2220	1.0051
2228	1.0043
2236	1.0035
2244	1.0027
2252	1.0018
2260	1.0010
2268	1.0002
2276	0.9994
2284	0.9985
2292	0.9977
2300	0.9969
2308	0.9961
2316	0.9952
2324	0.9944
2332	0.9936
2340	0.9928
2348	0.9920
2356	0.9911
2364	0.9903
2372	0.9895
2380	0.9887
2388	0.9879
2396	0.9871
2404	0.9862
2412	0.9854
2420	0.9846
2428	0.9838
2436	0.9830
2444	0.9822
2452	0.9814
2460	0.9805
2468	0.9797
2476	0.9789
2484	0.9781
2492	0.9773
2500	0.9765
2508	0.9757
2516	0.9749
2524	0.9741
2532	0.9732
2540	0.9724
2548	0.9716
2556	0.9708
2564	0.9700
2572	0.9692
2580	0.9684
2588	0.9676
2596	0.9668
2604	0.9660
2612	0.9652
2620	0.9644
2628	0.9636
2636	0.9628
2644	0.9620
2652	0.9612
2660	0.9604
2668	0.9596
2676	0.9588
2684	0.9580
2692	0.9572
2700	0.9564
2708	0.9556
2716	0.9548
2724	0.9540
2732	0.9532
2740	0.9524
2748	0.9516
2756	0.9508
2764	0.9500
2772	0.9492
2780	0.9485
2788	0.9477
2796	0.9469
2804	0.9461
2812	0.9453
2820	0.9445
2828	0.9437
2836	0.9429
2844	0.9421
2852	0.9413
2860	0.9406
2868	0.9398
2876	0.9390
2884	0.9382
2892	0.9374
2900	0.9366
2908	0.9358
2916	0.9351
2924	0.9343
2932	0.9335
2940	0.9327
2948	0.9319
2956	0.9312
2964	0.9304
2972	0.9296
2980	0.9288
2988	0.9280
2996	0.9273
3004	0.9265
3012	0.9257
3020	0.9249
3028	0.9241
3036	0.9234
3044	0.9226
3052	0.9218
3060	0.9210
3068	0.9203
3076	0.9195
3084	0.9187
3092	0.9179
3100	0.9172
3108	0.9164
3116	0.9156
3124	0.9149
3132	0.9141
3140	0.9133
3148	0.9126
3156	0.9118
3164	0.9110
3172	0.9103
3180	0.9095
3188	0.9087
3196	0.9080
3204	0.9072
3212	0.9064
3220	0.9057
3228	0.9049
3236	0.9041
3244	0.9034
3252	0.9026
3260	0.9018
3268	0.9011
3276	0.9003
3284	0.8996
3292	0.8988
3300	0.8980
3308	0.8973
3316	0.8965
3324	0.8958
3332	0.8950
3340	0.8942
3348	0.8935
3356	0.8927
3364	0.8920
3372	0.8912
3380	0.8905
3388	0.8897
3396	0.8890
3404	0.8882
3412	0.8875
3420	0.8867
3428	0.8859
3436	0.8852
3444	0.8844
3452	0.8837
3460	0.8829
3468	0.8822
3476	0.8814
3484	0.8807
3492	0.8799
3500	0.8792
3508	0.8785
3516	0.8777
3524	0.8770
3532	0.8762
3540	0.8755
3548	0.8747
3556	0.8740
3564	0.8732
3572	0.8725
3580	0.8718
3588	0.8710
3596	0.8703
3604	0.8695
3612	0.8688
3620	0.8680
3628	0.8673
3636	0.8666
3644	0.8658
3652	0.8651
3660	0.8644
3668	0.8636
3676	0.8629
3684	0.8621
3692	0.8614
3700	0.8607
3708	0.8599
3716	0.8592
3724	0.8585
3732	0.8577
3740	0.8570
3748	0.8563
3756	0.8555
3764	0.8548
3772	0.8541
3780	0.8533
3788	0.8526
3796	0.8519
3804	0.8512
3812	0.8504
3820	0.8497
3828	0.8490
3836	0.8482
3844	0.8475
3852	0.8468
3860	0.8461
3868	0.8453
3876	0.8446
3884	0.8439
3892	0.8432
3900	0.8424
3908	0.8417
3916	0.8410
3924	0.8403
3932	0.8396
3940	0.8388
3948	0.8381
3956	0.8374
3964	0.8367
3972	0.8359
3980	0.8352
3988	0.8345
3996	0.8338
4004	0.8331
4012	0.8324
4020	0.8316
4028	0.8309
4036	0.8302
4044	0.8295
4052	0.8288
4060	0.8281
4068	0.8274
4076	0.8266
4084	0.8259
4092	0.8252
4100	0.8245
4108	0.8238
4116	0.8231
4124	0.8224
4132	0.8217
4140	0.8210
4148	0.8202
4156	0.8195
4164	0.8188
4172	0.8181
4180	0.8174
4188	0.8167
4196	0.8160
4204	0.8153
4212	0.8146
4220	0.8139
4228	0.8132
4236	0.8125
4244	0.8118
4252	0.8111
4260	0.8104
4268	0.8097
4276	0.8090
4284	0.8083
4292	0.8076
4300	0.8069
4308	0.8062
4316	0.8055
4324	0.8048
4332	0.8041
4340	0.8034
4348	0.8027
4356	0.8020
4364	0.8013
4372	0.8006
4380	0.7999
4388	0.7992
4396	0.7985
4404	0.7978
4412	0.7971
4420	0.7964
4428	0.7957
4436	0.7950
4444	0.7943
4452	0.7937
4460	0.7930
4468	0.7923
4476	0.7916
4484	0.7909
4492	0.7902
4500	0.7895
4508	0.7888
4516	0.7881
4524	0.7875
4532	0.7868
4540	0.7861
4548	0.7854
4556	0.7847
4564	0.7840
4572	0.7833
4580	0.7827
4588	0.7820
4596	0.7813
4604	0.7806
4612	0.7799
4620	0.7792
4628	0.7786
4636	0.7779
4644	0.7772
4652	0.7765
4660	0.7758
4668	0.7752
4676	0.7745
4684	0.7738
4692	0.7731
4700	0.7725
4708	0.7718
4716	0.7711
4724	0.7704
4732	0.7698
4740	0.7691
4748	0.7684
4756	0.7677
4764	0.7671
4772	0.7664
4780	0.7657
4788	0.7650
4796	0.7644
4804	0.7637
4812	0.7630
4820	0.7624
4828	0.7617
4836	0.7610
4844	0.7603
4852	0.7597
4860	0.7590
4868	0.7583
4876	0.7577
4884	0.7570
4892	0.7563
4900	0.7557
4908	0.7550
4916	0.7543
4924	0.7537
4932	0.7530
4940	0.7524
4948	0.7517
4956	0.7510
4964	0.7504
4972	0.7497
4980	0.7490
4988	0.7484
4996	0.7477
5004	0.7471
5012	0.7464
5020	0.7457
5028	0.7451
5036	0.7444
5044	0.7438
5052	0.7431
5060	0.7425
5068	0.7418
5076	0.7411
5084	0.7405
5092	0.7398
5100	0.7392
5108	0.7385
5116	0.7379
5124	0.7372
5132	0.7366
5140	0.7359
5148	0.7353
5156	0.7346
5164	0.7340
5172	0.7333
5180	0.7327
5188	0.7320
5196	0.7314
5204	0.7307
5212	0.7301
5220	0.7294
5228	0.7288
5236	0.7281
5244	0.7275
5252	0.7268
5260	0.7262
5268	0.7255
5276	0.7249
5284	0.7242
5292	0.7236
5300	0.7230
5308	0.7223
5316	0.7217
5324	0.7210
5332	0.7204
5340	0.7197
5348	0.7191
5356	0.7185
5364	0.7178
5372	0.7172
5380	0.7165
5388	0.7159
5396	0.7153
5404	0.7146
5412	0.7140
5420	0.7134
5428	0.7127
5436	0.7121
5444	0.7114
5452	0.7108
5460	0.7102
5468	0.7095
5476	0.7089
5484	0.7083
5492	0.7076
5500	0.7070
5508	0.7064
5516	0.7057
5524	0.7051
5532	0.7045
5540	0.7039
5548	0.7032
5556	0.7026
5564	0.7020
5572	0.7013
5580	0.7007
5588	0.7001
5596	0.6995
5604	0.6988
5612	0.6982
5620	0.6976
5628	0.6969
5636	0.6963
5644	0.6957
5652	0.6951
5660	0.6944
5668	0.6938
5676	0.6932
5684	0.6926
5692	0.6920
5700	0.6913
5708	0.6907
5716	0.6901
5724	0.6895
5732	0.6889
5740	0.6882
5748	0.6876
5756	0.6870
5764	0.6864
5772	0.6858
5780	0.6851
5788	0.6845
5796	0.6839
5804	0.6833
5812	0.6827
5820	0.6821
5828	0.6814
5836	0.6808
5844	0.6802
5852	0.6796
5860	0.6790
5868	0.6784
5876	0.6778
5884	0.6771
5892	0.6765
5900	0.6759
5908	0.6753
5916	0.6747
5924	0.6741
5932	0.6735
5940	0.6729
5948	0.6723
5956	0.6717
5964	0.6711
5972	0.6704
5980	0.6698
5988	0.6692
5996	0.6686
6004	0.6680
6012	0.6674
6020	0.6668
6028	0.6662
6036	0.6656
6044	0.6650
6052	0.6644
6060	0.6638
6068	0.6632
6076	0.6626
6084	0.6620
6092	0.6614
6100	0.6608
6108	0.6602
6116	0.6596
6124	0.6590
6132	0.6584
6140	0.6578
6148	0.6572
6156	0.6566
6164	0.6560
6172	0.6554
6180	0.6548
6188	0.6542
6196	0.6536
6204	0.6530
6212	0.6524
6220	0.6518
6228	0.6512
6236	0.6506
6244	0.6500
6252	0.6494
6260	0.6489
6268	0.6483
6276	0.6477
6284	0.6471
6292	0.6465
6300	0.6459
6308	0.6453
6316	0.6447
6324	0.6441
6332	0.6435
6340	0.6430
6348	0.6424
6356	0.6418
6364	0.6412
6372	0.6406
6380	0.6400
6388	0.6394
6396	0.6388
6404	0.6383
6412	0.6377
6420	0.6371
6428	0.6365
6436	0.6359
6444	0.6353
6452	0.6348
6460	0.6342
6468	0.6336
6476	0.6330
6484	0.6324
6492	0.6319
6500	0.6313
6508	0.6307
6516	0.6301
6524	0.6295
6532	0.6290
6540	0.6284
6548	0.6278
6556	0.6272
6564	0.6266
6572	0.6261
6580	0.6255
6588	0.6249
6596	0.6243
6604	0.6238
6612	0.6232
6620	0.6226
6628	0.6220
6636	0.6215
6644	0.6209
6652	0.6203
6660	0.6198
6668	0.6192
6676	0.6186
6684	0.6180
6692	0.6175
6700	0.6169
6708	0.6163
6716	0.6158
6724	0.6152
6732	0.6146
6740	0.6141
6748	0.6135
6756	0.6129
6764	0.6124
6772	0.6118
6780	0.6112
6788	0.6107
6796	0.6101
6804	0.6095
6812	0.6090
6820	0.6084
6828	0.6078
6836	0.6073
6844	0.6067
6852	0.6061
6860	0.6056
6868	0.6050
6876	0.6045
6884	0.6039
6892	0.6033
6900	0.6028
6908	0.6022
6916	0.6017
6924	0.6011
6932	0.6005
6940	0.6000
6948	0.5994
6956	0.5989
6964	0.5983
6972	0.5978
6980	0.5972
6988	0.5966
6996	0.5961
7004	0.5955
7012	0.5950
7020	0.5944
7028	0.5939
7036	0.5933
7044	0.5928
7052	0.5922
7060	0.5917
7068	0.5911
7076	0.5906
7084	0.5900
7092	0.5895
7100	0.5889
7108	0.5884
7116	0.5878
7124	0.5873
7132	0.5867
7140	0.5862
7148	0.5856
7156	0.5851
7164	0.5845
7172	0.5840
7180	0.5834
7188	0.5829
7196	0.5823
7204	0.5818
7212	0.5813
7220	0.5807
7228	0.5802
7236	0.5796
7244	0.5791
7252	0.5785
7260	0.5780
7268	0.5775
7276	0.5769
7284	0.5764
7292	0.5758
7300	0.5753
7308	0.5747
7316	0.5742
7324	0.5737
7332	0.5731
7340	0.5726
7348	0.5721
7356	0.5715
7364	0.5710
7372	0.5704
7380	0.5699
7388	0.5694
7396	0.5688
7404	0.5683
7412	0.5678
7420	0.5672
7428	0.5667
7436	0.5662
7444	0.5656
7452	0.5651
7460	0.5646
7468	0.5640
7476	0.5635
7484	0.5630
7492	0.5624
7500	0.5619
7508	0.5614
7516	0.5608
7524	0.5603
7532	0.5598
7540	0.5593
7548	0.5587
7556	0.5582
7564	0.5577
7572	0.5571
7580	0.5566
7588	0.5561
7596	0.5556
7604	0.5550
7612	0.5545
7620	0.5540
7628	0.5535
7636	0.5529
7644	0.5524
7652	0.5519
7660	0.5514
7668	0.5509
7676	0.5503
7684	0.5498
7692	0.5493
7700	0.5488
7708	0.5482
7716	0.5477
7724	0.5472
7732	0.5467
7740	0.5462
7748	0.5456
7756	0.5451
7764	0.5446
7772	0.5441
7780	0.5436
7788	0.5431
7796	0.5425
7804	0.5420
7812	0.5415
7820	0.5410
7828	0.5405
7836	0.5400
7844	0.5394
7852	0.5389
7860	0.5384
7868	0.5379
7876	0.5374
7884	0.5369
7892	0.5364
7900	0.5359
7908	0.5353
7916	0.5348
7924	0.5343
7932	0.5338
7940	0.5333
7948	0.5328
7956	0.5323
7964	0.5318
7972	0.5313
7980	0.5308
7988	0.5303
7996	0.5297
8004	0.5292
8012	0.5287
8020	0.5282
8028	0.5277
8036	0.5272
8044	0.5267
8052	0.5262
8060	0.5257
8068	0.5252
8076	0.5247
8084	0.5242
8092	0.5237
8100	0.5232
8108	0.5227
8116	0.5222
8124	0.5217
8132	0.5212
8140	0.5207
8148	0.5202
8156	0.5197
8164	0.5192
8172	0.5187
8180	0.5182
8188	0.5177
8196	0.5172
8204	0.5167
8212	0.5162
8220	0.5157
8228	0.5152
8236	0.5147
8244	0.5142
8252	0.5137
8260	0.5132
8268	0.5127
8276	0.5122
8284	0.5117
8292	0.5112
8300	0.5107
8308	0.5103
8316	0.5098
8324	0.5093
8332	0.5088
8340	0.5083
8348	0.5078
8356	0.5073
8364	0.5068
8372	0.5063
8380	0.5058
8388	0.5053
8396	0.5049
8404	0.5044
8412	0.5039
8420	0.5034
8428	0.5029
8436	0.5024
8444	0.5019
8452	0.5014
8460	0.5010
8468	0.5005
8476	0.5000
8484	0.4995
8492	0.4990
8500	0.4985
8508	0.4980
8516	0.4976
8524	0.4971
8532	0.4966
8540	0.4961
8548	0.4956
8556	0.4952
8564	0.4947
8572	0.4942
8580	0.4937
8588	0.4932
8596	0.4927
8604	0.4923
8612	0.4918
8620	0.4913
8628	0.4908
8636	0.4904
8644	0.4899
8652	0.4894
8660	0.4889
8668	0.4884
8676	0.4880
8684	0.4875
8692	0.4870
8700	0.4865
8708	0.4861
8716	0.4856
8724	0.4851
8732	0.4846
8740	0.4842
8748	0.4837
8756	0.4832
8764	0.4828
8772	0.4823
8780	0.4818
8788	0.4813
8796	0.4809
8804	0.4804
8812	0.4799
8820	0.4795
8828	0.4790
8836	0.4785
8844	0.4780
8852	0.4776
8860	0.4771
8868	0.4766
8876	0.4762
8884	0.4757
8892	0.4752
8900	0.4748
8908	0.4743
8916	0.4738
8924	0.4734
8932	0.4729
8940	0.4724
8948	0.4720
8956	0.4715
8964	0.4711
8972	0.4706
8980	0.4701
8988	0.4697
8996	0.4692
9004	0.4687
9012	0.4683
9020	0.4678
9028	0.4674
9036	0.4669
9044	0.4664
9052	0.4660
9060	0.4655
9068	0.4651
9076	0.4646
9084	0.4641
9092	0.4637
9100	0.4632
9108	0.4628
9116	0.4623
9124	0.4619
9132	0.4614
9140	0.4609
9148	0.4605
9156	0.4600
9164	0.4596
9172	0.4591
9180	0.4587
9188	0.4582
9196	0.4578
9204	0.4573
9212	0.4569
9220	0.4564
9228	0.4560
9236	0.4555
9244	0.4550
9252	0.4546
9260	0.4541
9268	0.4537
9276	0.4532
9284	0.4528
9292	0.4523
9300	0.4519
9308	0.4514
9316	0.4510
9324	0.4506
9332	0.4501
9340	0.4497
9348	0.4492
9356	0.4488
9364	0.4483
9372	0.4479
9380	0.4474
9388	0.4470
9396	0.4465
9404	0.4461
9412	0.4456
9420	0.4452
9428	0.4448
9436	0.4443
9444	0.4439
9452	0.4434
9460	0.4430
9468	0.4425
9476	0.4421
9484	0.4417
9492	0.4412
9500	0.4408
9508	0.4403
9516	0.4399
9524	0.4395
9532	0.4390
9540	0.4386
9548	0.4381
9556	0.4377
9564	0.4373
9572	0.4368
9580	0.4364
9588	0.4360
9596	0.4355
9604	0.4351
9612	0.4346
9620	0.4342
9628	0.4338
9636	0.4333
9644	0.4329
9652	0.4325
9660	0.4320
9668	0.4316
9676	0.4312
9684	0.4307
9692	0.4303
9700	0.4299
9708	0.4294
9716	0.4290
9724	0.4286
9732	0.4281
9740	0.4277
9748	0.4273
9756	0.4269
9764	0.4264
9772	0.4260
9780	0.4256
9788	0.4251
9796	0.4247
9804	0.4243
9812	0.4239
9820	0.4234
9828	0.4230
9836	0.4226
9844	0.4221
9852	0.4217
9860	0.4213
9868	0.4209
9876	0.4204
9884	0.4200
9892	0.4196
9900	0.4192
9908	0.4187
9916	0.4183
9924	0.4179
9932	0.4175
9940	0.4171
9948	0.4166
9956	0.4162
9964	0.4158
9972	0.4154
9980	0.4150
9988	0.4145
9996	0.4141
10004	0.4137
10012	0.4133
10020	0.4129
10028	0.4124
10036	0.4120
10044	0.4116
10052	0.4112
10060	0.4108
10068	0.4103
10076	0.4099
10084	0.4095
10092	0.4091
10100	0.4087
10108	0.4083
10116	0.4078
10124	0.4074
10132	0.4070
10140	0.4066
10148	0.4062
10156	0.4058
10164	0.4054
10172	0.4050
10180	0.4045
10188	0.4041
10196	0.4037
10204	0.4033
10212	0.4029
10220	0.4025
10228	0.4021
10236	0.4017
10244	0.4012
10252	0.4008
10260	0.4004
10268	0.4000
10276	0.3996
10284	0.3992
10292	0.3988
10300	0.3984
10308	0.3980
10316	0.3976
10324	0.3972
10332	0.3968
10340	0.3964
10348	0.3959
10356	0.3955
10364	0.3951
10372	0.3947
10380	0.3943
10388	0.3939
10396	0.3935
10404	0.3931
10412	0.3927
10420	0.3923
10428	0.3919
10436	0.3915
10444	0.3911
10452	0.3907
10460	0.3903
10468	0.3899
10476	0.3895
10484	0.3891
10492	0.3887
10500	0.3883
10508	0.3879
10516	0.3875
10524	0.3871
10532	0.3867
10540	0.3863
10548	0.3859
10556	0.3855
10564	0.3851
10572	0.3847
10580	0.3843
10588	0.3839
10596	0.3835
10604	0.3831
10612	0.3827
10620	0.3823
10628	0.3819
10636	0.3815
10644	0.3812
10652	0.3808
10660	0.3804
10668	0.3800
10676	0.3796
10684	0.3792
10692	0.3788
10700	0.3784
10708	0.3780
10716	0.3776
10724	0.3772
10732	0.3768
10740	0.3764
10748	0.3761
10756	0.3757
10764	0.3753
10772	0.3749
10780	0.3745
10788	0.3741
10796	0.3737
10804	0.3733
10812	0.3729
10820	0.3726
10828	0.3722
10836	0.3718
10844	0.3714
10852	0.3710
10860	0.3706
10868	0.3702
10876	0.3699
10884	0.3695
10892	0.3691
10900	0.3687
10908	0.3683
10916	0.3679
10924	0.3675
10932	0.3672
10940	0.3668
10948	0.3664
10956	0.3660
10964	0.3656
10972	0.3653
10980	0.3649
10988	0.3645
10996	0.3641
11004	0.3637
11012	0.3632
11020	0.3628
11028	0.3623
11036	0.3619
11044	0.3614
11052	0.3609
11060	0.3605
11068	0.3600
11076	0.3596
11084	0.3591
11092	0.3587
11100	0.3582
11108	0.3578
11116	0.3573
11124	0.3569
11132	0.3564
11140	0.3560
11148	0.3555
11156	0.3551
11164	0.3546
11172	0.3542
11180	0.3537
11188	0.3533
11196	0.3528
11204	0.3524
11212	0.3520
11220	0.3515
11228	0.3511
11236	0.3506
11244	0.3502
11252	0.3497
11260	0.3493
11268	0.3489
11276	0.3484
11284	0.3480
11292	0.3475
11300	0.3471
11308	0.3467
11316	0.3462
11324	0.3458
11332	0.3454
11340	0.3449
11348	0.3445
11356	0.3441
11364	0.3436
11372	0.3432
11380	0.3428
11388	0.3423
11396	0.3419
11404	0.3415
11412	0.3410
11420	0.3406
11428	0.3402
11436	0.3397
11444	0.3393
11452	0.3389
11460	0.3385
11468	0.3380
11476	0.3376
11484	0.3372
11492	0.3368
11500	0.3363
11508	0.3359
11516	0.3355
11524	0.3351
11532	0.3346
11540	0.3342
11548	0.3338
11556	0.3334
11564	0.3330
11572	0.3325
11580	0.3321
11588	0.3317
11596	0.3313
11604	0.3309
11612	0.3304
11620	0.3300
11628	0.3296
11636	0.3292
11644	0.3288
11652	0.3284
11660	0.3279
11668	0.3275
11676	0.3271
11684	0.3267
11692	0.3263
11700	0.3259
11708	0.3255
11716	0.3251
11724	0.3247
11732	0.3242
11740	0.3238
11748	0.3234
11756	0.3230
11764	0.3226
11772	0.3222
11780	0.3218
11788	0.3214
11796	0.3210
11804	0.3206
11812	0.3202
11820	0.3198
11828	0.3194
11836	0.3190
11844	0.3186
11852	0.3182
11860	0.3178
11868	0.3174
11876	0.3170
11884	0.3166
11892	0.3162
11900	0.3158
11908	0.3154
11916	0.3150
11924	0.3146
11932	0.3142
11940	0.3138
11948	0.3134
11956	0.3130
11964	0.3126
11972	0.3122
11980	0.3118
11988	0.3114
11996	0.3110
12004	0.3106
12012	0.3102
12020	0.3099
12028	0.3095
12036	0.3091
12044	0.3087
12052	0.3083
12060	0.3079
12068	0.3075
12076	0.3071
12084	0.3067
12092	0.3064
12100	0.3060
12108	0.3056
12116	0.3052
12124	0.3048
12132	0.3044
12140	0.3040
12148	0.3037
12156	0.3033
12164	0.3029
12172	0.3025
12180	0.3021
12188	0.3018
12196	0.3014
12204	0.3010
12212	0.3006
12220	0.3002
12228	0.2999
12236	0.2995
12244	0.2991
12252	0.2987
12260	0.2983
12268	0.2980
12276	0.2976
12284	0.2972
12292	0.2968
12300	0.2965
12308	0.2961
12316	0.2957
12324	0.2953
12332	0.2950
12340	0.2946
12348	0.2942
12356	0.2939
12364	0.2935
12372	0.2931
12380	0.2928
12388	0.2924
12396	0.2920
12404	0.2916
12412	0.2913
12420	0.2909
12428	0.2905
12436	0.2902
12444	0.2898
12452	0.2894
12460	0.2891
12468	0.2887
12476	0.2884
12484	0.2880
12492	0.2876
12500	0.2873
12508	0.2869
12516	0.2865
12524	0.2862
12532	0.2858
12540	0.2855
12548	0.2851
12556	0.2847
12564	0.2844
12572	0.2840
12580	0.2837
12588	0.2833
12596	0.2829
12604	0.2826
12612	0.2822
12620	0.2819
12628	0.2815
12636	0.2812
12644	0.2808
12652	0.2805
12660	0.2801
12668	0.2798
12676	0.2794
12684	0.2790
12692	0.2787
12700	0.2783
12708	0.2780
12716	0.2776
12724	0.2773
12732	0.2769
12740	0.2766
12748	0.2762
12756	0.2759
12764	0.2756
12772	0.2752
12780	0.2749
12788	0.2745
12796	0.2742
12804	0.2738
12812	0.2735
12820	0.2731
12828	0.2728
12836	0.2724
12844	0.2721
12852	0.2718
12860	0.2714
12868	0.2711
12876	0.2707
12884	0.2704
12892	0.2700
12900	0.2697
12908	0.2694
12916	0.2690
12924	0.2687
12932	0.2683
12940	0.2680
12948	0.2677
12956	0.2673
12964	0.2670
12972	0.2667
12980	0.2663
12988	0.2660
12996	0.2657
13004	0.2653
13012	0.2650
13020	0.2646
13028	0.2643
13036	0.2640
13044	0.2636
13052	0.2633
13060	0.2630
13068	0.2627
13076	0.2623
13084	0.2620
13092	0.2617
13100	0.2613
13108	0.2610
13116	0.2607
13124	0.2603
13132	0.2600
13140	0.2597
13148	0.2594
13156	0.2590
13164	0.2587
13172	0.2584
13180	0.2581
13188	0.2577
13196	0.2574
13204	0.2571
13212	0.2568
13220	0.2564
13228	0.2561
13236	0.2558
13244	0.2555
13252	0.2551
13260	0.2548
13268	0.2545
13276	0.2542
13284	0.2539
13292	0.2535
13300	0.2532
13308	0.2529
13316	0.2526
13324	0.2523
13332	0.2519
13340	0.2516
13348	0.2513
13356	0.2510
13364	0.2507
13372	0.2504
13380	0.2500
13388	0.2497
13396	0.2494
13404	0.2491
13412	0.2488
13420	0.2485
13428	0.2482
13436	0.2478
13444	0.2475
13452	0.2472
13460	0.2469
13468	0.2466
13476	0.2463
13484	0.2460
13492	0.2457
13500	0.2454
13508	0.2450
13516	0.2447
13524	0.2444
13532	0.2441
13540	0.2438
13548	0.2435
13556	0.2432
13564	0.2429
13572	0.2426
13580	0.2423
13588	0.2420
13596	0.2417
13604	0.2414
13612	0.2411
13620	0.2408
13628	0.2405
13636	0.2402
13644	0.2398
13652	0.2395
13660	0.2392
13668	0.2389
13676	0.2386
13684	0.2383
13692	0.2380
13700	0.2377
13708	0.2374
13716	0.2371
13724	0.2368
13732	0.2365
13740	0.2362
13748	0.2359
13756	0.2356
13764	0.2354
13772	0.2351
13780	0.2348
13788	0.2345
13796	0.2342
13804	0.2339
13812	0.2336
13820	0.2333
13828	0.2330
13836	0.2327
13844	0.2324
13852	0.2321
13860	0.2318
13868	0.2315
13876	0.2312
13884	0.2309
13892	0.2306
13900	0.2304
13908	0.2301
13916	0.2298
13924	0.2295
13932	0.2292
13940	0.2289
13948	0.2286
13956	0.2283
13964	0.2280
13972	0.2278
13980	0.2275
13988	0.2272
13996	0.2269
14004	0.2266
14012	0.2263
14020	0.2260
14028	0.2258
14036	0.2255
14044	0.2252
14052	0.2249
14060	0.2246
14068	0.2243
14076	0.2241
14084	0.2238
14092	0.2235
14100	0.2232
14108	0.2229
14116	0.2226
14124	0.2224
14132	0.2221
14140	0.2218
14148	0.2215
14156	0.2212
14164	0.2210
14172	0.2207
14180	0.2204
14188	0.2201
14196	0.2199
14204	0.2196
14212	0.2193
14220	0.2190
14228	0.2187
14236	0.2185
14244	0.2182
14252	0.2179
14260	0.2176
14268	0.2174
14276	0.2171
14284	0.2168
14292	0.2166
14300	0.2163
14308	0.2160
14316	0.2157
14324	0.2155
14332	0.2152
14340	0.2149
14348	0.2146
14356	0.2144
14364	0.2141
14372	0.2138
14380	0.2136
14388	0.2133
14396	0.2130
14404	0.2128
14412	0.2125
14420	0.2122
14428	0.2120
14436	0.2117
14444	0.2114
14452	0.2112
14460	0.2109
14468	0.2106
14476	0.2104
14484	0.2101
14492	0.2098
14500	0.2096
14508	0.2093
14516	0.2090
14524	0.2088
14532	0.2085
14540	0.2082
14548	0.2080
14556	0.2077
14564	0.2075
14572	0.2072
14580	0.2069
14588	0.2067
14596	0.2064
14604	0.2062
14612	0.2059
14620	0.2056
14628	0.2054
14636	0.2051
14644	0.2049
14652	0.2046
14660	0.2043
14668	0.2041
14676	0.2038
14684	0.2036
14692	0.2033
14700	0.2031
14708	0.2028
14716	0.2025
14724	0.2023
14732	0.2020
14740	0.2018
14748	0.2015
14756	0.2013
14764	0.2010
14772	0.2008
14780	0.2005
14788	0.2003
14796	0.2000
14804	0.1998
14812	0.1995
14820	0.1993
14828	0.1990
14836	0.1987
14844	0.1985
14852	0.1982
14860	0.1980
14868	0.1977
14876	0.1975
14884	0.1973
14892	0.1970
14900	0.1968
14908	0.1965
14916	0.1963
14924	0.1960
14932	0.1958
14940	0.1955
14948	0.1953
14956	0.1950
14964	0.1948
14972	0.1945
14980	0.1943
14988	0.1940
14996	0.1938
15004	0.1936
15012	0.1933
15020	0.1931
15028	0.1928
15036	0.1926
15044	0.1923
15052	0.1921
15060	0.1919
15068	0.1916
15076	0.1914
15084	0.1911
15092	0.1909
15100	0.1906
15108	0.1904
15116	0.1902
15124	0.1899
15132	0.1897
15140	0.1894
15148	0.1892
15156	0.1890
15164	0.1887
15172	0.1885
15180	0.1883
15188	0.1880
15196	0.1878
15204	0.1875
15212	0.1873
15220	0.1871
15228	0.1868
15236	0.1866
15244	0.1864
15252	0.1861
15260	0.1859
15268	0.1857
15276	0.1854
15284	0.1852
15292	0.1850
15300	0.1847
15308	0.1845
15316	0.1843
15324	0.1840
15332	0.1838
15340	0.1836
15348	0.1833
15356	0.1831
15364	0.1829
15372	0.1826
15380	0.1824
15388	0.1822
15396	0.1820
15404	0.1817
15412	0.1815
15420	0.1813
15428	0.1810
15436	0.1808
15444	0.1806
15452	0.1804
15460	0.1801
15468	0.1799
15476	0.1797
15484	0.1794
15492	0.1792
15500	0.1790
15508	0.1788
15516	0.1785
15524	0.1783
15532	0.1781
15540	0.1779
15548	0.1776
15556	0.1774
15564	0.1772
15572	0.1770
15580	0.1767
15588	0.1765
15596	0.1763
15604	0.1761
15612	0.1759
15620	0.1756
15628	0.1754
15636	0.1752
15644	0.1750
15652	0.1748
15660	0.1745
15668	0.1743
15676	0.1741
15684	0.1739
15692	0.1737
15700	0.1734
15708	0.1732
15716	0.1730
15724	0.1728
15732	0.1726
15740	0.1723
15748	0.1721
15756	0.1719
15764	0.1717
15772	0.1715
15780	0.1713
15788	0.1710
15796	0.1708
15804	0.1706
15812	0.1704
15820	0.1702
15828	0.1700
15836	0.1698
15844	0.1695
15852	0.1693
15860	0.1691
15868	0.1689
15876	0.1687
15884	0.1685
15892	0.1683
15900	0.1681
15908	0.1678
15916	0.1676
15924	0.1674
15932	0.1672
15940	0.1670
15948	0.1668
15956	0.1666
15964	0.1664
15972	0.1662
15980	0.1659
15988	0.1657
15996	0.1655
16004	0.1653
16012	0.1651
16020	0.1649
16028	0.1647
16036	0.1645
16044	0.1643
16052	0.1641
16060	0.1639
16068	0.1637
16076	0.1635
16084	0.1632
16092	0.1630
16100	0.1628
16108	0.1626
16116	0.1624
16124	0.1622
16132	0.1620
16140	0.1618
16148	0.1616
16156	0.1614
16164	0.1612
16172	0.1610
16180	0.1608
16188	0.1606
16196	0.1604
16204	0.1602
16212	0.1600
16220	0.1598
16228	0.1596
16236	0.1594
16244	0.1592
16252	0.1590
16260	0.1588
16268	0.1586
16276	0.1584
16284	0.1582
16292	0.1580
16300	0.1578
16308	0.1576
16316	0.1574
16324	0.1572
16332	0.1570
16340	0.1568
16348	0.1566
16356	0.1564
16364	0.1562
16372	0.1560
16380	0.1558
16388	0.1556
16396	0.1554
16404	0.1552
16412	0.1550
16420	0.1548
16428	0.1546
16436	0.1544
16444	0.1542
16452	0.1540
16460	0.1538
16468	0.1537
16476	0.1535
16484	0.1533
16492	0.1531
16500	0.1529
16508	0.1527
16516	0.1525
16524	0.1523
16532	0.1521
16540	0.1519
16548	0.1517
16556	0.1515
16564	0.1513
16572	0.1512
16580	0.1510
16588	0.1508
16596	0.1506
16604	0.1504
16612	0.1502
16620	0.1500
16628	0.1498
16636	0.1496
16644	0.1494
16652	0.1493
16660	0.1491
16668	0.1489
16676	0.1487
16684	0.1485
16692	0.1483
16700	0.1481
16708	0.1479
16716	0.1478
16724	0.1476
16732	0.1474
16740	0.1472
16748	0.1470
16756	0.1468
16764	0.1466
16772	0.1465
16780	0.1463
16788	0.1461
16796	0.1459
16804	0.1457
16812	0.1455
16820	0.1454
16828	0.1452
16836	0.1450
16844	0.1448
16852	0.1446
16860	0.1444
16868	0.1443
16876	0.1441
16884	0.1439
16892	0.1437
16900	0.1435
16908	0.1434
16916	0.1432
16924	0.1430
16932	0.1428
16940	0.1426
16948	0.1425
16956	0.1423
16964	0.1421
16972	0.1419
16980	0.1417
16988	0.1416
16996	0.1414
17004	0.1412
17012	0.1410
17020	0.1408
17028	0.1407
17036	0.1405
17044	0.1403
17052	0.1401
17060	0.1400
17068	0.1398
17076	0.1396
17084	0.1394
17092	0.1393
17100	0.1391
17108	0.1389
17116	0.1387
17124	0.1386
17132	0.1384
17140	0.1382
17148	0.1380
17156	0.1379
17164	0.1377
17172	0.1375
17180	0.1373
17188	0.1372
17196	0.1370
17204	0.1368
17212	0.1366
17220	0.1365
17228	0.1363
17236	0.1361
17244	0.1360
17252	0.1358
17260	0.1356
17268	0.1354
17276	0.1353
17284	0.1351
17292	0.1349
17300	0.1348
17308	0.1346
17316	0.1344
17324	0.1343
17332	0.1341
17340	0.1339
17348	0.1337
17356	0.1336
17364	0.1334
17372	0.1332
17380	0.1331
17388	0.1329
17396	0.1327
17404	0.1326
17412	0.1324
17420	0.1322
17428	0.1321
17436	0.1319
17444	0.1317
17452	0.1316
17460	0.1314
17468	0.1312
17476	0.1311
17484	0.1309
17492	0.1307
17500	0.1306
17508	0.1304
17516	0.1302
17524	0.1301
17532	0.1299
17540	0.1298
17548	0.1296
17556	0.1294
17564	0.1293
17572	0.1291
17580	0.1289
17588	0.1288
17596	0.1286
17604	0.1285
17612	0.1283
17620	0.1281
17628	0.1280
17636	0.1278
17644	0.1276
17652	0.1275
17660	0.1273
17668	0.1272
17676	0.1270
17684	0.1268
17692	0.1267
17700	0.1265
17708	0.1264
17716	0.1262
17724	0.1260
17732	0.1259
17740	0.1257
17748	0.1256
17756	0.1254
17764	0.1253
17772	0.1251
17780	0.1249
17788	0.1248
17796	0.1246
17804	0.1245
17812	0.1243
17820	0.1242
17828	0.1240
17836	0.1238
17844	0.1237
17852	0.1235
17860	0.1234
17868	0.1232
17876	0.1231
17884	0.1229
17892	0.1227
17900	0.1226
17908	0.1224
17916	0.1223
17924	0.1221
17932	0.1220
17940	0.1218
17948	0.1217
17956	0.1215
17964	0.1214
17972	0.1212
17980	0.1211
17988	0.1209
17996	0.1208
18004	0.1206
18012	0.1204
18020	0.1203
18028	0.1201
18036	0.1200
18044	0.1198
18052	0.1197
18060	0.1195
18068	0.1194
18076	0.1192
18084	0.1191
18092	0.1189
18100	0.1188
18108	0.1186
18116	0.1185
18124	0.1183
18132	0.1182
18140	0.1180
18148	0.1179
18156	0.1177
18164	0.1176
18172	0.1174
18180	0.1173
18188	0.1172
18196	0.1170
18204	0.1169
18212	0.1167
18220	0.1166
18228	0.1164
18236	0.1163
18244	0.1161
18252	0.1160
18260	0.1158
18268	0.1157
18276	0.1155
18284	0.1154
18292	0.1152
18300	0.1151
18308	0.1150
18316	0.1148
18324	0.1147
18332	0.1145
18340	0.1144
18348	0.1142
18356	0.1141
18364	0.1139
18372	0.1138
18380	0.1137
18388	0.1135
18396	0.1134
18404	0.1132
18412	0.1131
18420	0.1129
18428	0.1128
18436	0.1127
18444	0.1125
18452	0.1124
18460	0.1122
18468	0.1121
18476	0.1120
18484	0.1118
18492	0.1117
18500	0.1115
18508	0.1114
18516	0.1112
18524	0.1111
18532	0.1110
18540	0.1108
18548	0.1107
18556	0.1105
18564	0.1104
18572	0.1103
18580	0.1101
18588	0.1100
18596	0.1099
18604	0.1097
18612	0.1096
18620	0.1094
18628	0.1093
18636	0.1092
18644	0.1090
18652	0.1089
18660	0.1087
18668	0.1086
18676	0.1085
18684	0.1083
18692	0.1082
18700	0.1081
18708	0.1079
18716	0.1078
18724	0.1077
18732	0.1075
18740	0.1074
18748	0.1073
18756	0.1071
18764	0.1070
18772	0.1068
18780	0.1067
18788	0.1066
18796	0.1064
18804	0.1063
18812	0.1062
18820	0.1060
18828	0.1059
18836	0.1058
18844	0.1056
18852	0.1055
18860	0.1054
18868	0.1052
18876	0.1051
18884	0.1050
18892	0.1048
18900	0.1047
18908	0.1046
18916	0.1044
18924	0.1043
18932	0.1042
18940	0.1041
18948	0.1039
18956	0.1038
18964	0.1037
18972	0.1035
18980	0.1034
18988	0.1033
18996	0.1031
19004	0.1030
19012	0.1029
19020	0.1027
19028	0.1026
19036	0.1025
19044	0.1024
19052	0.1022
19060	0.1021
19068	0.1020
19076	0.1018
19084	0.1017
19092	0.1016
19100	0.1015
19108	0.1013
19116	0.1012
19124	0.1011
19132	0.1009
19140	0.1008
19148	0.1007
19156	0.1006
19164	0.1004
19172	0.1003
19180	0.1002
19188	0.1001
19196	0.0999
19204	0.0998
19212	0.0997
19220	0.0996
19228	0.0994
19236	0.0993
19244	0.0992
19252	0.0991
19260	0.0989
19268	0.0988
19276	0.0987
19284	0.0986
19292	0.0984
19300	0.0983
19308	0.0982
19316	0.0981
19324	0.0979
19332	0.0978
19340	0.0977
19348	0.0976
19356	0.0974
19364	0.0973
19372	0.0972
19380	0.0971
19388	0.0970
19396	0.0968
19404	0.0967
19412	0.0966
19420	0.0965
19428	0.0963
19436	0.0962
19444	0.0961
19452	0.0960
19460	0.0959
19468	0.0957
19476	0.0956
19484	0.0955
19492	0.0954
19500	0.0953
19508	0.0951
19516	0.0950
19524	0.0949
19532	0.0948
19540	0.0947
19548	0.0945
19556	0.0944
19564	0.0943
19572	0.0942
19580	0.0941
19588	0.0939
19596	0.0938
19604	0.0937
19612	0.0936
19620	0.0935
19628	0.0934
19636	0.0932
19644	0.0931
19652	0.0930
19660	0.0929
19668	0.0928
19676	0.0927
19684	0.0925
19692	0.0924
19700	0.0923
19708	0.0922
19716	0.0921
19724	0.0920
19732	0.0918
19740	0.0917
19748	0.0916
19756	0.0915
19764	0.0914
19772	0.0913
19780	0.0911
19788	0.0910
19796	0.0909
19804	0.0908
19812	0.0907
19820	0.0906
19828	0.0905
19836	0.0903
19844	0.0902
19852	0.0901
19860	0.0900
19868	0.0899
19876	0.0898
19884	0.0897
19892	0.0895
19900	0.0894
19908	0.0893
19916	0.0892
19924	0.0891
19932	0.0890
19940	0.0889
19948	0.0888
19956	0.0886
19964	0.0885
19972	0.0884
19980	0.0883
19988	0.0882
19996	0.0881
20004	0.0880
20012	0.0879
20020	0.0878
20028	0.0876
20036	0.0875
20044	0.0874
20052	0.0873
20060	0.0872
20068	0.0871
20076	0.0870
20084	0.0869
20092	0.0868
20100	0.0867
20108	0.0865
20116	0.0864
20124	0.0863
20132	0.0862
20140	0.0861
20148	0.0860
20156	0.0859
20164	0.0858
20172	0.0857
20180	0.0856
20188	0.0855
20196	0.0854
20204	0.0852
20212	0.0851
20220	0.0850
20228	0.0849
20236	0.0848
20244	0.0847
20252	0.0846
20260	0.0845
20268	0.0844
20276	0.0843
20284	0.0842
20292	0.0841
20300	0.0840
20308	0.0839
20316	0.0838
20324	0.0837
20332	0.0835
20340	0.0834
20348	0.0833
20356	0.0832
20364	0.0831
20372	0.0830
20380	0.0829
20388	0.0828
20396	0.0827
20404	0.0826
20412	0.0825
20420	0.0824
20428	0.0823
20436	0.0822
20444	0.0821
20452	0.0820
20460	0.0819
20468	0.0818
20476	0.0817
20484	0.0816
20492	0.0815
20500	0.0814
25000	0.0400
30000	0.0180
35000	0.0080
40000	0.0040
